Cpptraj Generated trajectory                                                    
  25.794  44.109  67.214  24.970  43.694  66.803  26.339  44.562  66.494  25.586
  44.740  67.974  26.744  43.052  67.661  27.725  43.441  67.935  26.110  42.169
  68.665  25.676  42.760  69.471  25.317  41.555  68.238  27.199  41.156  69.237
  28.359  41.516  69.462  26.764  39.981  69.568  27.435  39.305  69.905  25.801
  39.697  69.678  27.088  42.218  66.366  26.231  42.119  65.466  28.229  41.526
  66.410  28.853  41.854  67.134  28.783  40.635  65.355  27.913  40.182  64.881
  29.484  41.472  64.259  30.304  42.048  64.688  30.113  40.600  63.080  30.539
  41.324  62.386  30.925  39.968  63.440  29.350  40.032  62.548  28.553  42.353
  63.631  29.044  43.151  63.423  29.771  39.630  66.005  30.495  39.944  66.900
  29.747  38.370  65.512  29.202  38.126  64.698  30.431  37.251  66.205  31.444
  37.506  66.516  29.641  36.691  67.469  30.150  35.798  67.833  29.877  37.642
  68.642  30.948  37.838  68.693  29.261  38.532  68.519  29.620  37.253  69.628
  28.124  36.297  67.361  27.514  37.172  67.584  27.831  35.886  66.395  27.848
  35.236  68.423  26.775  35.112  68.572  28.290  34.303  68.075  28.273  35.387
  69.415  30.730  36.120  65.203  30.370  36.159  63.976  31.491  35.111  65.659
  31.817  35.117  66.615  32.108  34.026  64.810  31.855  34.089  63.752  33.644
  34.207  64.886  33.963  35.175  64.500  33.906  34.210  65.944  34.486  33.119
  64.166  34.281  32.113  64.533  34.250  33.164  63.102  35.973  33.365  64.287
  36.246  33.383  65.342  36.417  32.602  63.648  36.458  34.684  63.769  36.250
  35.534  64.273  37.018  34.859  62.598  37.452  33.893  61.890  37.604  33.043
  62.412  37.714  34.025  60.923  37.034  35.996  61.937  36.610  36.813  62.353
  37.182  35.976  60.938  31.632  32.705  65.372  31.333  32.629  66.536  31.640
  31.763  64.427  31.778  32.087  63.480  31.204  30.394  64.646  31.216  30.114
  65.699  29.743  30.275  64.089  29.661  30.499  63.026  29.250  28.866  64.373
  28.280  28.950  63.885  29.933  28.135  63.940  29.077  28.723  65.440  28.843
  31.236  64.818  27.782  31.019  64.689  29.055  31.102  65.878  28.934  32.278
  64.510  32.258  29.508  63.986  32.569  29.653  62.782  32.690  28.480  64.660
  32.416  28.460  65.632  33.330  27.316  64.005  33.895  27.612  63.121  34.357
  26.654  64.964  33.886  26.629  65.947  34.722  25.697  64.591  35.557  27.551
  64.973  36.551  27.397  63.941  36.610  26.515  63.320  37.588  28.378  63.965
  38.380  28.267  63.239  37.610  29.453  64.864  38.423  30.148  64.717  36.576
  29.613  65.882  36.521  30.361  66.659  35.573  28.648  65.880  34.734  28.664
  66.560  32.185  26.316  63.610  31.400  25.898  64.470  32.146  25.804  62.370
  32.816  26.138  61.692  31.178  24.826  61.915  30.264  24.738  62.501  30.673
  25.298  60.489  31.483  25.212  59.765  29.932  24.564  60.172  29.968  26.637
  60.420  30.661  27.393  60.788  29.587  26.850  58.962  28.646  26.397  58.649
  29.451  27.905  58.725  30.411  26.524  58.328  28.723  26.681  61.246  28.192
  25.752  61.037  29.033  26.757  62.288  28.048  27.527  61.115  31.791  23.405
  61.908  33.035  23.321  62.068  30.990  22.340  61.592  29.494  22.256  61.528
  29.154  22.485  60.518  28.929  22.818  62.271  29.154  20.801  61.859  28.182
  20.501  61.467  29.064  20.707  62.941  30.368  19.944  61.390  30.307  19.682
  60.334  30.507  19.022  61.954  31.570  20.943  61.493  32.060  20.669  62.428
  32.610  20.846  60.342  32.785  21.793  59.601  33.379  19.743  60.159  33.212
  18.953  60.766  34.214  19.460  58.920  35.026  18.807  59.238  33.406  18.689
  57.850  32.855  17.871  58.314  32.666  19.332  57.375  34.163  18.131  56.699
  35.315  17.811  56.821  33.567  18.106  55.550  33.943  17.672  54.719  32.666
  18.561  55.503  34.962  20.672  58.406  34.741  21.004  57.216  35.764  21.262
  59.342  35.604  20.977  60.298  36.760  22.307  59.108  36.967  22.727  60.092
  37.993  21.574  58.514  38.004  20.565  58.927  38.040  21.531  57.426  39.292
  22.138  59.059  39.180  23.218  58.962  39.274  21.882  60.118  40.426  21.568
  58.302  40.203  20.505  58.399  40.543  21.840  57.253  41.766  21.943  58.965
  42.078  22.956  58.712  41.748  21.842  60.050  42.878  21.085  58.505  43.783
  21.300  58.900  42.759  20.173  58.921  42.928  21.015  57.499  36.274  23.504
  58.349  36.960  24.040  57.434  35.010  23.907  58.559  34.500  23.355  59.234
  34.303  25.084  58.004  34.970  25.516  57.258  32.929  24.651  57.430  32.536
  24.014  58.223  32.253  25.481  57.229  33.163  23.800  56.161  33.281  24.448
  55.292  34.081  23.228  56.290  31.949  22.860  55.918  30.871  23.269  55.521
  32.141  21.571  56.161  31.366  20.936  56.035  33.056  21.255  56.449  33.952
  26.159  59.013  33.978  25.965  60.228  33.619  27.417  58.594  33.701  27.573
  57.600  33.515  28.566  59.471  33.268  28.197  60.467  34.843  29.366  59.627
  34.663  30.279  60.196  35.567  28.809  60.221  35.443  29.733  58.275  35.875
  28.855  57.794  34.681  30.133  57.605  36.596  30.649  58.446  36.957  30.871
  57.442  36.386  31.588  58.958  37.782  30.042  59.113  37.962  29.063  58.943
  38.772  30.556  59.826  39.035  31.825  59.971  38.469  32.500  59.476  39.933
  32.098  60.343  39.599  29.706  60.371  39.582  28.718  60.162  40.479  29.980
  60.784  32.302  29.391  59.058  31.777  29.250  57.979  31.999  30.397  59.917
  32.304  30.430  60.879  31.351  31.632  59.538  31.708  32.000  58.576  29.883
  31.312  59.135  29.800  30.426  58.505  28.905  31.061  60.293  29.267  30.186
  60.833  28.952  31.889  61.001  27.923  30.928  59.839  29.321  32.327  58.426
  29.264  31.904  57.567  31.463  32.773  60.571  31.733  32.506  61.774  31.331
  34.065  60.185  31.153  34.298  59.218  31.205  35.286  61.037  31.151  35.085
  62.107  32.412  36.296  60.941  32.644  36.682  59.948  32.248  37.475  61.910
  32.553  37.174  62.912  32.959  38.206  61.527  31.291  37.997  61.897  33.637
  35.540  61.337  33.430  35.159  62.337  33.864  34.665  60.729  34.581  36.049
  61.532  30.010  36.083  60.542  29.844  36.363  59.291  29.145  36.440  61.456
  29.399  36.343  62.429  27.740  36.864  61.224  27.646  37.145  60.176  26.661
  35.731  61.549  25.685  36.215  61.525  26.578  34.728  60.377  25.863  33.927
  60.566  26.337  35.191  59.421  27.457  34.084  60.352  26.806  35.064  62.951
  27.254  35.690  63.723  25.869  34.660  63.335  27.478  34.208  62.893  27.396
  38.008  62.082  27.805  38.068  63.241  26.736  39.035  61.501  26.701  39.021
  60.492  26.163  40.146  62.208  26.878  40.460  62.970  26.085  41.305  61.150
  27.106  41.599  60.908  25.552  40.940  60.272  25.429  42.491  61.816  24.322
  42.766  61.405  25.979  43.191  62.716  25.458  43.947  63.138  26.853  42.796
  63.031  24.842  39.731  62.817  24.149  38.871  62.319  24.452  40.386  63.903
  25.005  41.090  64.372  23.442  39.859  64.836  22.724  39.208  64.337  24.071
  39.034  65.998  24.485  39.757  66.701  23.032  38.148  66.675  22.756  37.252
  66.117  23.453  37.837  67.631  22.165  38.800  66.783  25.228  38.175  65.543
  25.728  37.675  66.373  24.947  37.474  64.757  25.960  38.893  65.171  22.675
  41.049  65.402  23.261  42.001  65.904  21.319  40.962  65.487  20.909  40.102
  65.152  20.405  42.073  65.782  20.927  43.003  66.002  19.470  42.210  64.566
  18.928  41.273  64.436  18.736  42.989  64.771  20.190  42.550  63.294  20.756
  43.472  63.430  20.865  41.742  63.014  19.236  42.734  62.046  18.465  43.489
  62.201  19.763  43.020  61.136  18.464  41.526  61.727  17.616  41.340  62.243
  18.578  40.741  60.643  19.530  40.857  59.767  20.261  41.538  59.911  19.588
  40.291  58.932  17.793  39.749  60.595  17.021  39.773  61.246  17.949  39.009
  59.925  19.545  41.729  67.010  19.655  40.661  67.645  18.734  42.672  67.478
  18.960  43.554  67.041  17.987  42.658  68.746  18.649  42.574  69.608  17.405
  44.101  68.908  18.168  44.879  68.926  16.732  44.328  68.082  16.582  44.290
  70.168  16.924  44.089  71.293  15.330  44.748  70.022  14.745  45.026  70.796
  14.962  44.812  69.083  16.920  41.491  68.889  16.760  40.920  70.005  16.146
  41.145  67.831  16.298  41.570  66.927  15.102  40.049  67.979  14.744  39.945
  69.004  14.252  40.377  67.380  15.584  38.698  67.534  14.751  37.862  67.193
  16.898  38.435  67.457  17.648  39.104  67.560  17.399  37.168  66.886  16.682
  36.787  66.159  18.713  37.380  66.092  19.523  37.632  66.776  18.902  36.475
  65.514  18.607  38.460  65.050  17.624  38.449  64.578  18.644  39.409  65.585
  19.759  38.396  63.674  19.407  36.856  62.856  19.685  36.065  63.553  18.362
  36.658  62.621  20.125  36.701  62.051  17.594  36.093  67.985  18.168  36.355
  69.066  17.185  34.835  67.678  16.775  34.709  66.764  17.528  33.686  68.419
  17.634  33.856  69.490  16.310  32.649  68.470  16.572  31.892  69.210  15.486
  33.262  68.835  16.124  32.091  67.223  15.623  32.754  66.743  18.813  33.125
  67.808  19.027  33.270  66.576  19.689  32.473  68.561  19.451  32.361  69.536
  20.846  31.738  68.018  21.438  32.514  67.532  21.690  31.038  69.111  21.918
  31.742  69.911  20.991  30.280  69.465  22.998  30.301  68.644  22.799  29.614
  67.823  23.996  31.274  68.111  24.895  30.837  67.676  23.537  31.910  67.354
  24.349  31.949  68.891  23.699  29.573  69.838  24.558  29.051  69.417  23.962
  30.282  70.623  22.946  28.886  70.224  20.476  30.689  66.887  21.190  30.433
  65.939  19.226  30.176  66.927  18.647  30.327  67.741  18.700  29.414  65.736
  19.286  28.535  65.468  17.232  28.894  65.997  17.118  28.690  67.061  16.586
  29.761  65.857  16.831  27.831  65.026  15.697  27.888  64.240  15.045  28.659
  64.235  15.405  26.676  63.738  14.481  26.443  63.230  16.340  25.801  64.157
  16.155  24.808  64.145  17.216  26.540  64.975  17.892  26.044  65.656  18.559
  30.291  64.524  18.920  29.840  63.441  18.026  31.534  64.642  17.721  31.845
  65.553  17.878  32.461  63.572  17.292  32.018  62.767  17.055  33.710  63.939
  17.673  34.321  64.597  16.998  34.360  63.066  15.616  33.393  64.356  14.810
  32.675  63.738  15.204  33.915  65.429  19.187  32.957  63.003  19.208  33.413
  61.873  20.302  32.923  63.734  20.175  32.489  64.637  21.592  33.260  63.230
  21.532  34.158  62.616  22.431  33.518  64.460  22.214  32.736  65.187  23.510
  33.600  64.324  21.772  35.059  65.332  20.643  34.565  65.848  22.260  32.173
  62.426  23.287  32.405  61.698  21.716  30.976  62.383  20.780  30.888  62.753
  22.439  29.736  61.960  23.164  30.089  61.226  23.207  29.104  63.181  22.526
  28.771  63.965  23.798  28.233  62.899  24.323  29.963  63.881  23.978  30.931
  64.243  24.889  29.243  65.093  25.406  28.309  64.875  25.667  29.801  65.616
  24.097  29.007  65.804  25.531  30.318  62.955  26.334  29.584  62.898  25.120
  30.610  61.988  25.982  31.277  63.210  21.593  28.670  61.250  22.190  27.806
  60.587  20.256  28.697  61.339  19.826  29.198  62.103  19.415  27.708  60.614
  19.755  26.720  60.923  18.038  27.883  61.056  18.029  27.686  62.128  17.690
  28.912  60.962  17.143  26.885  60.454  17.649  25.922  60.511  16.278  26.650
  61.074  16.729  27.264  58.727  15.130  28.036  58.812  14.408  27.345  59.248
  15.257  28.943  59.403  14.736  28.358  57.848  19.628  27.797  59.157  19.766
  26.741  58.508  19.787  28.988  58.504  19.730  29.820  59.074  20.157  29.076
  57.056  19.494  28.452  56.457  19.990  30.516  56.621  18.924  30.673  56.787
  20.624  31.151  57.240  20.315  30.669  55.087  21.383  30.455  55.051  19.731
  29.916  54.559  20.077  32.071  54.505  19.004  32.248  54.573  20.513  32.766
  55.223  20.693  32.260  53.127  21.640  31.727  53.041  20.009  31.895  52.361
  20.804  33.771  52.846  21.148  33.996  51.923  19.920  34.232  53.004  21.502
  34.162  53.462  21.615  28.633  56.817  21.831  27.912  55.840  22.536  28.927
  57.747  22.245  29.486  58.537  23.950  28.452  57.596  24.352  28.918  56.696
  24.878  29.103  58.645  25.847  29.150  58.147  24.725  30.170  58.800  24.880
  28.484  59.542  24.195  26.938  57.607  25.154  26.405  57.019  23.231  26.190
  58.280  22.699  26.726  58.950  23.152  24.706  58.160  24.168  24.316  58.111
  22.519  24.151  59.478  21.556  24.565  59.776  22.354  23.082  59.342  23.582
  24.306  60.645  23.853  25.335  60.884  22.990  23.593  61.929  22.620  22.614
  61.627  23.707  23.316  62.703  22.227  24.237  62.365  24.898  23.537  60.526
  25.400  23.636  59.564  25.610  23.666  61.341  24.729  22.461  60.536  22.448
  24.346  56.844  22.960  23.498  56.139  21.256  24.913  56.418  20.780  25.489
  57.097  20.539  24.657  55.188  20.311  23.598  55.068  19.198  25.372  55.041
  18.636  25.091  55.931  19.366  26.443  55.153  18.445  25.009  53.785  19.043
  25.292  52.918  18.312  23.929  53.711  17.108  25.705  53.797  16.757  25.517
  54.812  17.331  26.769  53.712  16.242  25.239  52.626  16.749  25.379  51.671
  16.046  24.167  52.638  14.901  25.830  52.655  14.488  25.745  53.573  14.873
  26.804  52.390  14.275  25.477  51.945  21.456  24.852  53.927  21.478  23.942
  53.070  22.136  25.940  53.750  21.958  26.519  54.559  23.049  26.253  52.631
  22.604  26.053  51.657  23.393  27.712  52.563  24.031  27.876  51.695  22.184
  28.532  52.160  21.860  28.194  51.176  21.353  28.470  52.864  22.481  29.573
  52.034  24.278  28.477  53.568  23.653  28.600  54.453  25.204  28.032  53.932
  24.474  29.507  53.270  24.300  25.440  52.707  25.128  25.632  51.774  24.380
  24.527  53.716  23.755  24.558  54.508  25.452  23.430  53.845  26.108  23.535
  52.981  26.310  23.729  55.137  25.708  24.152  55.941  26.806  22.848  55.543
  27.344  24.764  54.704  27.971  24.240  53.983  26.823  25.567  54.181  28.109
  25.369  55.887  27.419  25.600  56.698  28.821  24.609  56.208  28.863  26.590
  55.428  29.860  26.490  55.307  28.427  27.803  55.604  27.208  28.107  55.962
  26.570  27.335  56.093  26.963  29.052  56.221  29.219  28.814  55.477  30.200
  28.678  55.277  28.936  29.757  55.701  24.908  21.999  53.882  25.646  21.107
  54.115  23.603  21.845  53.715  23.075  22.683  53.517  23.022  20.501  53.728
  22.009  20.442  53.331  23.661  19.786  53.210  22.803  19.914  55.135  22.512
  18.702  55.258  22.990  20.789  56.144  23.269  21.750  56.003  22.684  20.326
  57.504  22.448  19.271  57.358  23.927  20.455  58.426  24.120  21.525  58.494
  23.627  20.096  59.411  25.266  19.742  58.026  25.517  19.920  56.981  26.347
  20.193  58.936  26.586  21.239  58.744  25.960  20.083  59.949  27.226  19.565
  58.792  25.089  18.231  58.266  24.334  17.856  57.575  26.038  17.817  57.924
  24.937  17.990  59.318  21.435  20.911  58.067  20.827  21.895  57.530  21.028
  20.370  59.256  21.506  19.586  59.677  19.801  20.727  60.041  19.436  21.649
  59.589  18.640  19.712  59.771  19.005  18.862  60.347  17.739  20.162  60.188
  18.281  19.372  58.369  18.491  20.206  57.699  18.952  18.555  58.106  16.874
  18.975  58.258  15.977  19.780  58.045  16.546  17.712  58.428  15.579  17.500
  58.230  17.237  17.058  58.767  20.058  20.982  61.541  20.668  20.123  62.199
  19.534  22.052  62.159  18.925  23.223  61.507  17.927  22.875  61.242  19.542
  23.462  60.641  18.914  24.313  62.544  18.211  25.130  62.381  19.934  24.692
  62.596  18.627  23.515  63.801  17.580  23.218  63.845  18.918  24.093  64.678
  19.520  22.259  63.603  20.546  22.453  63.914  18.929  21.047  64.405  19.419
  20.735  65.480  17.956  20.253  63.872  17.603  20.483  62.954  17.289  19.096
  64.519  17.090  19.381  65.552  15.953  18.808  63.792  15.353  18.198  64.468
  15.402  19.741  63.671  16.125  18.024  62.477  16.765  18.665  61.870  16.589
  17.068  62.718  14.850  17.799  61.633  14.242  18.877  61.393  14.524  16.669
  61.319  18.254  17.847  64.638  17.947  16.829  65.251  19.454  18.022  64.047
  19.520  18.930  63.609  20.515  17.000  63.944  20.404  16.227  64.704  20.424
  16.288  62.557  19.362  16.315  62.313  21.030  16.899  61.888  20.872  14.592
  62.647  22.083  14.885  63.129  21.889  17.450  64.333  22.887  16.790  64.051
  22.012  18.661  64.905  21.142  19.144  65.076  23.226  19.374  65.375  24.026
  18.634  65.358  23.601  20.497  64.324  22.752  21.167  64.193  24.424  21.094
  64.717  24.143  19.810  62.660  22.970  19.569  62.068  23.061  19.986  66.725
  22.043  20.607  67.086  24.109  20.049  67.568  24.957  19.701  67.144  24.196
  20.876  68.736  23.231  21.328  68.964  24.529  19.958  69.951  25.415  19.344
  69.793  24.624  20.520  70.880  23.660  19.301  69.922  25.101  22.032  68.450
  25.734  22.130  67.426  25.164  22.951  69.351  24.449  22.899  70.062  25.778
  24.218  69.294  26.674  24.157  68.678  24.784  25.313  68.823  24.427  24.970
  67.852  23.524  25.416  69.706  23.571  25.931  70.666  22.767  25.859  69.059
  23.081  24.430  69.843  25.493  26.626  68.568  26.039  26.925  69.463  26.132
  26.589  67.686  24.777  27.389  68.262  26.271  24.541  70.695  25.698  24.186
  71.730  27.518  25.111  70.704  27.866  25.386  69.797  28.479  25.119  71.781
  28.011  24.902  72.741  29.579  24.187  71.403  29.983  24.391  70.411  30.469
  24.293  72.022  29.284  22.688  71.395  28.531  22.104  70.335  28.111  22.687
  69.529  28.297  20.777  70.259  27.656  20.391  69.480  28.804  19.895  71.275
  28.713  18.819  71.269  29.521  20.442  72.358  29.884  19.778  73.129  29.661
  21.839  72.485  30.186  22.272  73.323  29.117  26.487  71.969  29.249  27.389
  71.084  29.753  26.611  73.136  29.704  25.800  73.736  30.505  27.817  73.506
  30.384  28.637  72.798  29.795  28.278  74.748  28.820  28.620  74.400  29.731
  27.519  75.528  30.500  29.478  75.311  31.581  29.368  75.399  30.198  30.314
  74.680  29.833  29.747  76.723  28.771  29.513  76.647  30.175  29.040  77.479
  29.993  31.183  77.082  30.237  31.855  76.369  29.911  31.650  78.303  29.544
  30.928  79.327  29.681  29.927  79.342  29.173  31.263  80.205  30.102  32.885
  78.573  30.502  33.428  77.821  30.086  33.195  79.534  31.957  27.389  73.727
  32.154  26.250  74.266  32.978  28.083  73.279  32.788  29.006  72.916  34.411
  27.635  73.219  34.479  26.547  73.241  35.103  28.102  71.916  34.897  29.172
  71.891  36.181  27.942  71.936  34.524  27.419  70.620  33.452  27.559  70.483
  35.142  28.046  69.374  36.225  27.932  69.321  34.756  27.495  68.516  34.856
  29.092  69.267  34.705  25.907  70.806  35.531  25.754  71.500  33.724  25.503
  71.059  34.940  25.475  69.833  35.285  28.091  74.447  36.435  27.591  74.574
  34.754  28.885  75.376  33.998  29.443  75.006  35.375  29.201  76.709  34.924
  30.130  77.058  34.987  28.132  77.802  35.377  27.139  77.579  35.510  28.421
  78.714  33.469  28.291  78.149  32.858  28.445  77.260  33.033  26.946  78.693
  33.166  26.908  79.774  31.970  26.766  78.535  33.640  26.126  78.308  33.220
  29.395  79.144  32.196  29.353  79.516  33.864  29.276  80.016  33.457  30.368
  78.713  36.887  29.390  76.715  37.565  28.590  77.343  37.380  30.405  75.998
  36.713  31.062  75.620  38.867  30.707  75.866  39.228  29.978  75.141  38.988
  32.108  75.270  38.424  32.831  75.860  39.999  32.493  75.135  38.395  32.391
  73.929  38.190  33.661  73.526  38.542  34.480  74.001  37.643  33.731  72.325
  37.284  34.616  71.820  37.336  32.501  71.901  37.905  31.648  72.885  37.876
  30.569  72.849  39.687  30.628  77.173  40.732  30.016  77.099  39.147  31.028
  78.334  38.229  31.443  78.403  39.877  30.905  79.596  40.881  31.309  79.467
  39.283  31.877  80.680  38.904  32.779  80.201  38.407  31.321  81.015  40.311
  32.347  81.678  39.876  32.940  82.482  40.686  31.432  82.136  41.501  33.123
  81.181  41.374  34.248  80.559  42.684  32.727  81.297  40.075  29.491  80.187
  40.863  29.242  81.123  39.263  28.601  79.751  38.750  28.801  78.904  39.252
  27.192  80.202  39.714  27.244  81.188  37.781  26.778  80.246  37.351  26.820
  79.246  37.946  25.800  80.699  36.916  27.529  81.214  35.645  27.096  81.594
  35.294  26.183  81.342  35.038  28.099  82.337  34.048  28.014  82.760  35.942
  29.036  82.507  35.677  29.912  82.934  37.069  28.754  81.801  37.883  29.456
  81.693  40.117  26.271  79.370  40.345  25.130  79.717  40.763  26.902  78.337
  40.348  27.800  78.134  41.885  26.415  77.464  41.647  26.909  76.522  43.212
  26.931  78.030  44.003  26.454  77.452  43.359  28.007  77.931  43.485  26.408
  79.456  42.737  26.899  80.078  43.128  25.382  79.535  44.897  26.641  80.045
  45.617  26.120  79.414  45.088  27.704  79.898  45.037  26.331  81.581  44.530
  27.079  82.190  44.624  25.348  81.806  46.499  26.208  81.908  46.910  25.383
  81.496  46.991  27.040  81.613  46.521  26.044  82.905  41.870  24.912  76.929
  42.955  24.418  76.852  40.654  24.382  76.679  39.770  24.863  76.597  40.584
  23.011  76.316  40.639  22.932  75.231  41.291  22.387  76.863  39.241  22.204
  76.546  39.244  20.961  76.637  38.143  22.879  76.700  38.221  23.882  76.793
  36.837  22.376  76.978  36.850  21.342  76.635  36.551  22.504  78.530  36.742
  23.554  78.751  35.534  22.169  78.731  37.463  21.705  79.499  37.146  20.687
  79.728  38.495  21.715  79.149  37.551  22.391  80.839  37.822  23.440  80.724
  36.578  22.372  81.330  38.521  21.630  81.731  38.136  20.635  81.953  39.417
  21.377  81.164  38.899  22.418  82.986  39.546  21.970  83.620  39.321  23.320
  82.821  38.033  22.686  83.432  35.855  23.137  76.107  36.083  24.271  75.790
  34.731  22.569  75.883  34.733  21.576  76.067  33.580  23.264  75.296  33.687
  24.291  75.645  33.581  23.284  73.803  32.729  23.737  73.297  34.449  23.890
  73.544  33.716  21.816  73.213  34.535  21.328  73.741  32.881  21.138  73.388
  33.997  21.823  71.719  33.035  22.130  71.307  34.764  22.571  71.519  34.435
  20.453  71.220  35.342  20.106  71.714  33.671  19.740  71.531  34.706  20.427
  69.789  35.539  20.947  69.554  34.910  19.492  69.467  33.894  20.814  69.327
  32.343  22.728  75.920  32.263  21.526  76.258  31.389  23.616  76.137  31.508
  24.539  75.745  30.145  23.536  76.810  30.092  22.492  77.120  30.167  24.405
  78.089  31.018  24.060  78.676  30.225  25.440  77.752  29.254  24.247  78.662
  29.006  23.879  75.781  29.343  24.185  74.667  27.751  23.690  76.206  27.456
  23.463  77.145  26.658  23.649  75.239  26.999  23.785  74.212  25.895  22.286
  75.293  25.964  21.720  76.222  24.842  22.486  75.096  26.512  21.358  74.198
  26.449  21.874  73.240  27.532  21.128  74.503  25.920  19.870  73.864  26.316
  19.637  72.876  26.128  19.148  74.654  24.469  20.031  73.759  24.204  20.983
  73.965  23.581  19.100  73.542  23.899  17.820  73.390  24.828  17.579  73.706
  23.219  17.074  73.354  22.302  19.300  73.453  21.885  20.215  73.357  21.704
  18.505  73.280  25.692  24.715  75.671  25.534  25.075  76.841  25.226  25.443
  74.661  25.518  25.098  73.757  24.168  26.430  74.684  24.102  26.788  75.712
  24.539  27.632  73.805  24.480  27.224  72.796  23.865  28.488  73.818  25.936
  28.241  74.004  26.757  27.551  73.806  26.015  29.456  73.046  27.041  29.823
  73.061  26.039  29.043  72.037  25.254  30.177  73.344  26.179  28.724  75.433
  26.572  27.882  76.002  26.777  29.633  75.486  25.216  28.840  75.931  22.852
  25.774  74.199  22.821  24.520  74.143  21.803  26.517  73.785  21.931  27.519
  73.775  20.496  26.038  73.442  20.460  24.970  73.228  19.437  26.347  74.483
  19.761  25.789  75.362  19.399  27.416  74.693  18.142  25.684  74.162  17.298
  26.416  73.545  17.919  24.502  74.569  20.000  26.803  72.190  20.307  27.997
  72.049  19.297  26.209  71.207  19.072  25.229  71.296  18.827  26.881  70.010
  19.754  27.185  69.524  18.300  25.802  69.019  17.480  25.201  69.412  17.856
  26.454  68.266  19.300  24.941  68.399  19.521  23.651  68.781  18.888  23.134
  69.486  20.536  23.123  67.924  20.728  22.134  67.847  21.078  24.127  67.097
  22.058  24.134  66.099  22.466  23.144  65.954  22.431  25.354  65.451  23.190
  25.480  64.693  21.812  26.555  65.929  22.154  27.524  65.597  20.763  26.512
  66.855  20.332  27.443  67.194  20.357  25.292  67.467  17.911  28.087  70.192
  17.889  28.901  69.282  17.271  28.331  71.338  17.299  27.630  72.065  16.532
  29.522  71.596  16.404  30.001  70.625  15.065  29.184  72.161  14.699  28.326
  71.598  15.002  29.008  73.235  14.056  30.315  71.905  13.971  31.014  70.901
  13.410  30.699  72.980  12.661  31.369  72.876  13.527  30.265  73.884  17.282
  30.567  72.406  16.669  31.573  72.777  18.545  30.334  72.632  19.035  29.503
  72.332  19.582  31.272  73.177  19.334  31.359  74.235  21.048  30.823  73.142
  21.349  30.693  72.102  22.085  31.785  73.808  21.940  31.853  74.887  23.031
  31.266  73.656  22.009  32.795  73.406  21.225  29.639  73.826  21.005  28.946
  73.198  19.357  32.680  72.502  19.607  32.829  71.291  18.748  33.626  73.239
  18.542  33.423  74.207  18.454  35.044  72.825  17.756  35.008  71.989  17.707
  35.673  73.994  16.740  35.169  73.990  18.213  35.490  74.942  17.399  37.155
  73.874  16.832  37.816  74.826  17.683  37.824  72.879  19.735  35.765  72.441
  20.702  35.603  73.169  19.804  36.478  71.305  18.953  36.628  70.781  21.011
  37.165  70.852  21.736  36.398  70.577  20.699  37.901  69.566  20.487  37.174
  68.782  19.820  38.538  69.662  21.571  38.495  69.291  21.647  38.050  71.928
  22.888  38.205  71.904  20.949  38.631  72.920  19.942  38.567  72.879  21.471
  39.371  74.155  21.939  40.311  73.865  20.226  39.730  74.915  20.533  40.062
  75.907  19.606  40.417  74.339  19.628  38.866  75.206  22.411  38.536  74.996
  23.308  38.986  75.687  22.240  37.221  74.906  21.558  36.867  74.250  23.128
  36.297  75.624  23.229  36.808  76.581  22.506  34.936  75.832  22.242  34.609
  74.826  23.213  34.229  76.265  21.382  34.929  76.712  20.637  34.547  76.243
  24.542  36.014  74.950  25.349  35.184  75.450  24.855  36.703  73.817  24.135
  37.240  73.356  26.041  36.456  72.958  26.654  35.719  73.478  25.577  35.748
  71.628  25.132  36.497  70.973  26.413  35.413  71.015  24.574  34.653  71.789
  23.731  34.785  72.467  23.905  34.336  70.401  23.100  33.642  70.641  23.476
  35.145  69.810  24.677  34.008  69.704  25.436  33.535  72.281  24.795  32.670
  72.449  26.172  33.346  71.499  25.901  33.757  73.242  26.786  37.732  72.559
  27.461  37.767  71.485  26.648  38.738  73.400  26.090  38.488  74.204  27.146
  40.089  73.124  26.838  40.237  72.089  26.379  41.032  73.994  26.745  42.048
  73.847  24.980  41.223  73.503  24.420  41.937  74.107  24.913  41.581  72.476
  24.386  40.318  73.637  26.388  40.760  75.551  25.528  40.155  75.840  27.343
  40.266  75.732  26.397  42.098  76.336  26.971  42.809  75.742  25.460  42.588
  76.599  26.920  41.933  77.278  28.655  40.211  73.239  29.163  41.323  73.243
  29.353  39.111  73.484  28.827  38.283  73.722  30.824  39.090  73.287  31.093
  39.402  72.278  31.416  39.694  73.975  31.400  37.667  73.467  32.040  37.234
  74.478  31.062  36.892  72.484  30.649  37.301  71.659  31.290  35.478  72.491
  32.128  35.246  73.149  30.071  34.613  72.932  29.135  35.008  72.537  30.175
  33.614  72.507  29.818  34.497  74.428  29.782  35.449  74.959  28.867  33.971
  74.505  30.814  33.662  75.204  31.167  34.108  76.355  31.207  32.522  74.786
  31.749  34.842  71.105  31.822  35.492  70.031  32.112  33.535  71.102  32.349
  33.136  71.999  32.638  32.801  69.915  32.214  33.283  69.033  34.178  32.949
  69.802  34.354  33.990  70.074  34.696  32.283  70.493  34.772  32.608  68.448
  35.035  31.552  68.503  33.958  32.708  67.729  36.009  33.446  68.097  35.844
  34.608  67.600  37.136  32.892  68.051  32.370  31.324  70.025  32.515  30.731
  71.113  31.788  30.682  68.984  31.774  31.155  68.092  30.896  29.563  69.150
  30.809  29.231  70.185  29.509  29.986  68.762  29.419  30.316  67.727  28.908
  29.109  69.002  28.864  31.145  69.560  29.384  32.056  69.265  27.446  31.368
  69.117  26.852  30.458  69.036  26.869  31.971  69.818  27.468  31.877  68.153
  28.809  30.872  71.035  28.328  31.742  71.480  28.340  29.906  71.224  29.826
  30.872  71.427  31.389  28.394  68.256  32.171  28.588  67.349  30.850  27.209
  68.476  30.260  27.199  69.296  30.991  26.030  67.555  31.180  26.426  66.556
  32.032  25.122  68.162  32.913  25.763  68.153  31.746  24.772  69.154  32.312
  23.890  67.263  31.556  23.122  67.431  32.169  24.212  66.232  33.643  23.237
  67.612  34.088  23.086  68.761  34.314  22.603  66.671  35.132  22.061  66.909
  34.070  22.623  65.691  29.598  25.344  67.395  28.685  25.502  68.187  29.487
  24.597  66.337  30.292  24.634  65.729  28.405  23.661  65.902  27.746  23.609
  66.769  27.722  24.181  64.686  28.424  24.292  63.860  26.650  23.186  64.086
  26.076  23.671  63.296  27.099  22.246  63.765  25.896  22.986  64.847  27.019
  25.573  64.949  26.646  25.936  63.992  26.137  25.562  65.589  27.640  26.362
  65.373  29.078  22.283  65.608  30.127  22.099  65.021  28.278  21.196  65.914
  27.307  21.410  66.094  28.687  19.790  65.768  29.318  19.546  64.913  29.338
  19.369  67.064  29.803  20.246  67.515  28.537  19.255  67.796  30.319  18.153
  67.157  31.278  18.203  68.014  30.164  17.229  66.346  27.418  18.882  65.536
  26.347  19.301  65.892  27.620  17.620  65.127  28.585  17.366  64.971  26.633
  16.652  64.840  25.892  17.245  64.305  27.258  15.560  63.946  27.946  14.990
  64.570  26.575  14.756  63.672  27.901  16.138  62.637  29.276  15.920  62.462
  29.881  15.394  63.185  29.896  16.196  61.238  30.949  16.014  61.085  29.203
  16.742  60.213  29.682  16.790  59.246  27.831  17.092  60.417  27.326  17.601
  59.610  27.224  16.767  61.582  26.175  17.024  61.563  25.975  16.031  66.157
  26.717  15.822  67.157  24.648  16.060  66.192  24.080  16.426  65.442  23.983
  15.564  67.444  24.451  15.939  68.354  22.523  15.916  67.368  22.521  17.004
  67.310  22.226  15.618  66.363  21.653  15.389  68.550  21.891  14.326  68.579
  21.914  16.041  69.852  21.699  17.108  69.789  21.285  15.711  70.679  22.868
  15.744  70.288  20.143  15.597  68.219  19.964  16.668  68.124  19.982  15.092
  67.267  19.555  15.199  69.045  24.283  14.045  67.594  24.688  13.666  68.755
  24.255  13.269  66.622
  27.161  44.062  67.376  26.463  43.937  66.656  27.937  44.524  66.921  26.830
  44.712  68.075  27.578  42.672  67.816  28.556  42.693  68.298  26.621  41.982
  68.785  26.325  42.571  69.653  25.709  41.864  68.198  27.195  40.631  69.248
  28.395  40.412  69.412  26.311  39.622  69.303  26.548  38.642  69.355  25.362
  39.900  69.511  27.744  41.734  66.613  26.864  41.484  65.777  28.936  41.170
  66.473  29.593  41.577  67.122  29.377  40.358  65.361  28.477  39.856  65.003
  30.034  41.137  64.166  30.971  41.479  64.607  30.416  40.305  62.943  29.564
  39.824  62.463  30.912  40.988  62.255  30.963  39.452  63.344  29.142  42.164
  63.710  29.618  42.867  63.261  30.388  39.304  65.820  31.301  39.541  66.613
  30.097  37.984  65.503  29.371  37.806  64.823  30.621  36.836  66.299  31.494
  37.159  66.865  29.568  36.231  67.159  29.967  35.412  67.759  29.052  37.179
  68.304  28.479  37.986  67.847  28.420  36.741  69.076  29.935  37.510  68.851
  28.239  35.788  66.471  27.662  36.653  66.145  28.412  35.174  65.587  27.376
  34.886  67.414  26.883  35.455  68.202  26.622  34.447  66.761  28.089  34.222
  67.903  31.191  35.759  65.332  30.762  35.685  64.189  32.122  34.903  65.868
  32.354  35.038  66.841  32.894  33.989  65.069  32.765  34.183  64.005  34.434
  34.194  65.326  34.761  35.146  64.907  34.566  34.142  66.407  35.196  32.991
  64.747  34.928  32.078  65.277  34.930  32.756  63.716  36.812  33.196  64.906
  37.016  33.324  65.969  37.274  32.355  64.389  37.101  34.417  64.143  37.081
  35.322  64.592  37.081  34.480  62.819  36.875  33.418  62.108  36.866  32.493
  62.513  36.892  33.449  61.100  37.307  35.588  62.268  37.487  36.459  62.745
  37.373  35.700  61.266  32.382  32.578  65.419  32.260  32.281  66.605  32.000
  31.855  64.358  32.185  32.183  63.421  31.463  30.521  64.568  31.680  30.259
  65.603  29.945  30.527  64.468  29.594  30.590  63.438  29.399  29.227  65.039
  28.328  29.115  64.867  29.854  28.456  64.417  29.698  29.076  66.075  29.194
  31.608  65.300  29.384  32.598  64.888  28.118  31.451  65.226  29.566  31.730
  66.318  32.049  29.422  63.654  31.880  29.477  62.401  32.772  28.532  64.245
  32.960  28.609  65.235  33.198  27.295  63.607  33.680  27.515  62.654  34.216
  26.509  64.572  33.780  26.243  65.533  34.291  25.502  64.160  35.528  27.194
  64.748  36.538  27.059  63.823  36.384  26.451  62.943  37.732  27.834  63.995
  38.544  27.689  63.298  37.898  28.694  65.080  38.821  29.238  65.210  36.874
  28.776  66.002  36.938  29.605  66.691  35.711  28.034  65.846  34.890  28.193
  66.529  31.979  26.394  63.322  30.962  26.437  64.005  32.122  25.420  62.424
  33.068  25.406  62.071  31.114  24.485  61.800  30.284  24.296  62.481  30.500
  25.113  60.559  31.183  25.175  59.712  29.821  24.426  60.053  29.672  26.412
  60.778  30.316  27.155  61.250  29.201  26.866  59.343  28.531  26.143  58.878
  28.741  27.842  59.497  30.026  27.027  58.649  28.500  26.259  61.684  28.013
  25.317  61.431  28.851  26.247  62.716  27.842  27.117  61.546  31.820  23.158
  61.503  33.039  23.073  61.535  31.130  22.030  61.348  29.684  21.978  61.386
  29.310  22.574  60.553  29.378  22.431  62.330  29.242  20.492  61.195  28.872
  20.469  60.171  28.486  20.163  61.910  30.501  19.672  61.246  30.552  18.951
  60.431  30.488  19.248  62.250  31.685  20.700  61.147  32.366  20.587  61.991
  32.512  20.501  59.903  32.149  21.078  58.885  33.500  19.625  60.024  33.691
  19.241  60.939  34.423  19.203  58.912  35.077  18.532  59.468  33.693  18.246
  57.897  33.153  17.437  58.388  32.829  18.752  57.465  34.567  17.709  56.807
  35.772  17.701  56.924  34.051  17.262  55.733  34.689  16.766  55.127  33.041
  17.298  55.722  35.284  20.373  58.370  35.113  20.709  57.210  36.081  21.047
  59.256  36.200  20.720  60.204  36.953  22.251  58.943  37.174  22.663  59.928
  38.322  21.845  58.309  38.571  20.941  58.865  38.316  21.648  57.237  39.420
  22.875  58.500  39.184  23.697  57.824  39.495  23.129  59.557  40.798  22.240
  58.048  41.064  21.508  58.811  40.716  21.765  57.071  41.884  23.277  58.012
  41.542  23.957  57.232  41.884  23.789  58.975  43.216  22.813  57.839  43.717
  23.681  57.715  43.520  22.293  58.650  43.449  22.289  57.008  36.265  23.369
  58.085  36.781  23.821  57.069  35.042  23.759  58.543  34.768  23.523  59.485
  34.202  24.767  57.872  34.710  25.221  57.020  32.982  24.123  57.317  32.723
  23.322  58.011  32.184  24.839  57.125  33.263  23.481  55.956  33.322  24.309
  55.250  34.234  22.989  56.028  32.234  22.506  55.588  31.211  22.820  55.008
  32.448  21.262  55.753  31.793  20.546  55.471  33.275  20.968  56.252  33.867
  25.875  58.932  34.131  25.730  60.135  33.454  27.083  58.549  33.313  27.248
  57.562  33.153  28.178  59.461  32.586  27.915  60.354  34.420  28.814  60.039
  34.203  29.558  60.806  35.067  28.092  60.539  35.338  29.386  58.941  35.860
  28.580  58.425  34.728  29.930  58.220  36.488  30.347  59.513  36.769  30.984
  58.675  36.229  31.010  60.339  37.644  29.537  59.940  37.491  28.539  59.963
  38.786  29.987  60.460  38.970  31.306  60.633  38.352  31.915  60.117  39.799
  31.704  61.052  39.722  29.118  60.833  39.607  28.137  60.620  40.519  29.491
  61.328  32.216  29.271  58.878  32.089  29.284  57.677  31.774  30.199  59.758
  32.064  30.051  60.713  31.109  31.515  59.363  31.563  31.880  58.442  29.634
  31.339  59.060  29.530  30.364  58.584  28.599  31.248  60.168  27.548  31.340
  59.897  28.652  30.300  60.704  28.742  32.012  60.932  29.249  32.252  58.134
  29.097  31.809  57.296  31.279  32.591  60.383  31.588  32.391  61.558  31.225
  33.834  59.887  31.165  33.887  58.880  31.359  35.060  60.734  31.167  34.725
  61.754  32.712  35.713  60.737  32.907  36.268  59.818  32.850  36.816  61.829
  32.814  36.263  62.768  33.853  37.236  61.754  32.099  37.602  61.752  33.891
  34.716  60.901  33.677  34.145  61.805  33.983  34.030  60.059  34.780  35.317
  61.093  30.231  35.914  60.319  30.127  36.286  59.143  29.466  36.296  61.307
  29.615  35.875  62.214  28.101  36.830  61.088  28.055  37.268  60.090  26.950
  35.824  61.319  25.975  36.312  61.347  26.822  34.887  60.066  25.955  34.237
  60.181  26.584  35.548  59.232  27.744  34.346  59.854  27.179  34.869  62.520
  27.326  35.488  63.405  26.271  34.277  62.631  27.992  34.196  62.246  27.942
  38.038  62.064  28.268  37.942  63.258  27.274  39.086  61.580  26.990  38.997
  60.614  26.721  40.203  62.367  27.312  40.513  63.230  26.801  41.432  61.446
  27.837  41.628  61.171  26.270  41.209  60.521  26.046  42.594  62.021  24.907
  42.932  61.650  26.562  43.175  63.062  26.001  43.949  63.387  27.417  42.935
  63.544  25.337  39.868  62.863  24.545  39.081  62.311  24.943  40.538  63.946
  25.569  41.175  64.417  23.844  40.031  64.801  23.149  39.464  64.182  24.334
  39.323  66.072  24.879  40.064  66.657  23.307  38.648  66.940  22.820  37.833
  66.404  23.776  38.217  67.825  22.446  39.303  67.070  25.310  38.173  65.725
  25.807  37.802  66.623  24.755  37.381  65.221  26.049  38.449  64.973  23.107
  41.274  65.205  23.716  42.321  65.174  21.771  41.147  65.411  21.393  40.215
  65.502  20.800  42.262  65.603  21.366  43.158  65.858  20.044  42.637  64.273
  19.286  41.876  64.087  19.623  43.617  64.496  21.009  42.728  63.052  21.937
  43.171  63.414  21.210  41.693  62.780  20.479  43.545  61.857  20.234  44.534
  62.241  21.162  43.762  61.036  19.228  43.029  61.235  18.414  43.577  61.471
  19.188  42.235  60.185  20.173  41.503  59.773  21.112  41.570  60.140  20.011
  40.811  59.056  18.013  41.981  59.639  17.223  42.373  60.133  17.969  41.285
  58.907  19.773  41.975  66.723  19.535  40.839  67.032  19.176  43.026  67.273
  19.415  43.916  66.859  18.316  43.009  68.517  18.876  42.681  69.392  17.859
  44.385  68.966  18.668  45.091  69.155  17.216  44.699  68.144  17.030  44.454
  70.236  17.364  43.859  71.244  16.025  45.385  70.185  15.582  45.683  71.042
  15.881  45.882  69.317  17.114  41.948  68.455  16.724  41.422  69.460  16.599
  41.503  67.282  17.067  41.844  66.455  15.556  40.512  67.124  15.040  40.283
  68.057  14.821  40.895  66.417  15.955  39.137  66.567  15.538  38.720  65.488
  16.982  38.561  67.175  17.295  39.013  68.023  17.612  37.275  66.712  16.868
  36.778  66.088  18.927  37.478  65.870  19.710  37.878  66.513  19.275  36.508
  65.516  18.771  38.363  64.678  18.117  37.851  63.971  18.313  39.331  64.881
  20.325  38.619  63.851  19.678  39.280  62.330  18.863  38.663  61.952  19.192
  40.234  62.535  20.500  39.417  61.628  17.906  36.310  67.887  17.748  36.674
  69.086  18.273  35.062  67.560  18.449  34.930  66.574  18.467  33.952  68.458
  18.841  34.387  69.385  17.173  33.160  68.718  17.410  32.455  69.515  16.320
  33.785  68.982  16.727  32.356  67.633  15.903  31.967  67.937  19.568  33.102
  67.792  19.821  33.331  66.600  20.236  32.232  68.546  19.867  32.120  69.479
  21.208  31.312  67.843  22.076  31.908  67.564  21.705  30.311  68.902  21.935
  30.766  69.866  20.869  29.698  69.241  22.920  29.488  68.514  22.690  28.794
  67.706  24.167  30.248  68.216  24.198  30.500  67.156  24.271  31.109  68.876
  24.980  29.526  68.286  23.179  28.544  69.737  24.155  28.062  69.701  23.330
  29.104  70.659  22.290  27.921  69.836  20.672  30.521  66.654  21.475  30.236
  65.808  19.407  30.201  66.640  18.972  30.306  67.545  18.651  29.660  65.478
  19.168  28.781  65.095  17.272  29.343  65.973  17.384  28.882  66.955  16.686
  30.258  66.054  16.381  28.424  65.122  15.117  28.680  64.645  14.674  29.587
  64.681  14.819  27.657  63.832  14.001  27.567  63.132  15.824  26.756  63.958
  15.777  25.799  63.639  16.825  27.168  64.772  17.705  26.596  65.025  18.616
  30.589  64.312  18.945  30.216  63.207  18.345  31.871  64.554  18.092  32.151
  65.491  18.262  32.904  63.507  17.631  32.451  62.743  17.604  34.146  64.042
  18.001  34.412  65.021  17.726  35.053  63.449  16.073  33.919  64.102  15.539
  33.637  63.034  15.433  34.121  65.114  19.598  33.242  62.867  19.622  33.671
  61.684  20.662  33.187  63.653  20.506  33.072  64.644  22.048  33.495  63.328
  22.070  34.441  62.786  22.909  33.505  64.568  22.665  32.567  65.067  23.986
  33.652  64.481  22.594  34.942  65.644  21.458  34.684  66.297  22.601  32.469
  62.410  23.536  32.737  61.659  22.058  31.229  62.440  21.284  31.069  63.069
  22.704  30.021  61.980  23.462  30.291  61.245  23.443  29.313  63.167  22.643
  29.053  63.859  23.795  28.364  62.762  24.646  30.085  63.740  24.284  31.057
  64.073  25.214  29.249  64.946  25.672  28.322  64.603  25.982  29.867  65.410
  24.397  28.913  65.586  25.799  30.207  62.726  25.811  29.279  62.154  25.598
  31.035  62.049  26.801  30.401  63.110  21.887  29.001  61.156  22.428  28.150
  60.465  20.570  29.061  61.244  20.197  29.826  61.786  19.672  28.200  60.384
  19.712  27.242  60.902  18.238  28.636  60.503  17.937  28.515  61.543  18.151
  29.691  60.241  17.274  27.730  59.683  17.655  26.713  59.770  16.281  27.742
  60.134  17.126  28.174  57.963  16.342  29.844  58.052  16.568  30.465  57.186
  15.265  29.685  58.113  16.657  30.391  58.941  20.069  28.125  58.876  20.236
  26.959  58.381  20.180  29.278  58.241  20.125  30.135  58.773  20.577  29.410
  56.858  19.813  28.791  56.386  20.384  30.824  56.347  19.332  31.092  56.445
  20.963  31.532  56.939  20.656  30.912  54.856  21.657  30.550  54.620  19.966
  30.271  54.306  20.483  32.409  54.440  19.499  32.818  54.664  21.086  32.965
  55.160  20.934  32.740  53.008  21.980  32.476  52.850  20.274  32.134  52.387
  20.655  34.123  52.546  20.750  34.201  51.544  19.683  34.367  52.675  21.221
  34.751  53.100  22.013  29.013  56.684  22.377  28.334  55.720  22.960  29.337
  57.611  22.721  29.914  58.404  24.342  28.965  57.515  24.723  29.279  56.544
  25.120  29.526  58.730  26.176  29.268  58.647  24.941  30.601  58.764  24.610
  29.183  59.630  24.558  27.430  57.468  25.466  27.007  56.690  23.765  26.638
  58.228  23.135  27.066  58.892  23.677  25.189  58.049  24.704  24.865  57.882
  23.028  24.571  59.251  22.028  25.002  59.276  22.824  23.504  59.159  23.624
  24.787  60.650  23.630  25.841  60.922  22.897  24.219  61.809  22.893  23.131
  61.731  23.459  24.369  62.732  21.945  24.689  62.053  25.116  24.332  60.799
  25.771  24.848  60.097  25.480  24.679  61.766  25.327  23.274  60.646  22.947
  24.875  56.714  23.371  24.054  55.936  21.802  25.571  56.317  21.449  26.318
  56.896  21.069  25.277  55.040  20.715  24.252  55.154  19.715  26.108  54.959
  19.247  26.287  55.926  19.925  27.064  54.479  18.716  25.281  54.087  19.098
  25.022  53.099  18.353  24.340  54.499  17.401  26.067  53.895  17.043  26.446
  54.853  17.613  26.979  53.338  16.332  25.221  53.072  16.561  24.999  52.029
  16.141  24.359  53.710  15.080  25.984  52.935  14.909  26.547  53.755  15.107
  26.635  52.165  14.302  25.410  52.642  21.962  25.340  53.754  22.027  24.342
  52.965  22.723  26.418  53.531  22.599  27.157  54.207  23.714  26.655  52.415
  23.135  26.310  51.559  24.106  28.118  52.247  24.730  28.140  51.354  22.913
  29.119  52.058  22.281  28.586  51.347  22.457  29.312  53.030  23.292  30.067
  51.680  25.064  28.614  53.369  25.716  27.786  53.647  25.650  29.432  52.951
  24.539  28.896  54.281  24.931  25.647  52.472  25.747  25.731  51.589  24.975
  24.782  53.499  24.318  24.736  54.265  25.887  23.566  53.462  26.433  23.547
  52.518  26.964  23.743  54.605  26.397  23.894  55.523  27.519  22.805  54.628
  27.936  24.894  54.412  28.654  24.547  53.669  27.356  25.724  54.005  28.717
  25.263  55.676  28.039  25.386  56.522  29.283  24.355  55.884  29.558  26.482
  55.524  30.522  26.395  55.236  29.183  27.732  55.718  28.137  28.251  56.195
  27.290  27.707  56.281  28.192  29.255  56.290  30.109  28.579  55.423  30.994
  28.241  55.069  29.990  29.580  55.486  25.318  22.196  53.573  26.001  21.169
  53.705  24.051  22.168  53.364  23.583  23.010  53.060  23.267  20.952  53.441
  22.226  21.132  53.171  23.579  20.138  52.787  23.143  20.265  54.748  23.057
  19.040  54.850  23.155  21.088  55.808  23.185  22.076  55.601  22.986  20.777
  57.246  22.894  19.703  57.411  24.254  21.319  57.963  24.288  22.395  57.796
  24.111  21.368  59.041  25.688  20.773  57.539  26.031  20.983  56.526  26.696
  21.323  58.532  26.830  22.398  58.420  26.285  21.179  59.531  27.660  20.842
  58.361  25.620  19.247  57.701  25.040  18.804  56.892  26.613  18.842  57.505
  25.190  18.915  58.645  21.682  21.318  57.804  21.018  22.115  57.179  21.371
  20.895  59.072  22.108  20.289  59.403  20.136  21.133  59.711  19.617  21.993
  59.286  19.180  19.916  59.670  19.701  19.067  60.110  18.173  20.245  59.930
  18.853  19.551  58.245  18.637  20.544  57.850  19.709  19.076  57.767  17.659
  18.615  58.080  16.578  19.050  57.737  17.792  17.359  58.338  17.078  16.702
  58.060  18.715  17.026  58.575  20.295  21.471  61.212  21.028  20.766  61.872
  19.596  22.427  61.899  18.899  23.503  61.184  17.920  23.106  60.915  19.415
  23.971  60.346  18.611  24.634  62.123  17.656  25.134  61.965  19.463  25.302
  62.252  18.581  23.776  63.441  17.567  23.378  63.382  18.729  24.281  64.395
  19.614  22.705  63.356  20.569  23.095  63.708  19.297  21.415  64.124  20.021
  21.069  65.019  18.161  20.837  63.823  17.524  21.442  63.325  17.673  19.515
  64.314  17.587  19.749  65.376  16.304  19.248  63.764  15.715  18.554  64.364
  15.681  20.142  63.812  16.353  18.774  62.329  16.967  19.487  61.778  16.814
  17.786  62.299  14.920  18.502  61.769  14.255  19.510  61.461  14.430  17.340
  61.855  18.609  18.328  64.095  18.288  17.219  64.429  19.744  18.435  63.425
  19.863  19.313  62.940  20.754  17.330  63.233  20.595  16.550  63.978  20.586
  16.784  61.848  19.732  17.228  61.337  21.461  16.825  61.199  20.244  15.005
  62.050  19.367  15.334  63.002  22.269  17.654  63.445  23.163  16.879  63.238
  22.486  18.821  64.058  21.680  19.405  64.228  23.719  19.343  64.615  24.563
  18.656  64.684  24.168  20.584  63.753  23.300  21.231  63.629  25.016  21.113
  64.187  24.649  19.971  62.097  23.454  19.485  61.746  23.447  19.751  66.087
  22.373  19.729  66.652  24.630  20.096  66.683  25.463  20.158  66.115  24.835
  20.364  68.138  23.881  20.587  68.616  25.452  19.232  68.895  26.306  18.798
  68.374  25.792  19.647  69.844  24.692  18.452  68.850  25.720  21.682  68.149
  26.520  21.893  67.207  25.469  22.528  69.113  24.650  22.299  69.657  25.949
  23.912  69.199  26.772  24.111  68.512  24.822  24.864  68.685  24.573  24.462
  67.703  23.518  24.749  69.325  23.571  24.986  70.388  22.943  25.513  68.802
  23.053  23.774  69.177  25.365  26.267  68.484  25.855  26.677  69.367  26.220
  26.202  67.810  24.622  26.918  68.024  26.576  24.299  70.526  26.096  23.962
  71.622  27.786  24.920  70.553  28.194  25.096  69.647  28.633  24.988  71.719
  28.095  24.814  72.651  29.789  23.973  71.629  30.568  24.249  70.918  30.435
  24.006  72.506  29.362  22.499  71.356  29.233  21.993  69.989  29.392  22.567
  69.088  28.801  20.657  69.636  28.433  20.399  68.655  28.687  19.865  70.749
  28.406  18.837  70.574  28.869  20.291  72.094  28.757  19.502  72.823  29.174
  21.615  72.442  29.403  21.901  73.459  29.318  26.366  71.999  29.805  27.054
  71.133  29.374  26.671  73.255  29.059  25.978  73.919  30.073  27.854  73.813
  30.254  28.578  73.019  29.304  28.392  75.048  28.265  28.481  74.728  29.344
  27.727  75.911  29.864  29.778  75.456  30.903  29.699  75.773  29.880  30.340
  74.522  29.023  30.602  76.445  27.940  30.540  76.330  29.205  30.097  77.393
  29.414  31.976  76.640  29.843  32.471  75.871  29.019  32.716  77.655  28.437
  32.169  78.642  28.230  31.181  78.619  28.236  32.858  79.354  29.269  33.975
  77.732  29.399  34.461  76.856  29.010  34.371  78.624  31.489  27.472  74.207
  31.571  26.526  75.023  32.534  28.133  73.738  32.336  28.953  73.181  33.908
  27.646  73.746  33.957  26.559  73.824  34.744  28.215  72.602  34.689  29.303
  72.623  35.803  28.043  72.794  34.318  27.689  71.147  33.368  28.177  70.928
  35.219  28.237  70.088  35.443  29.298  70.205  36.112  27.614  70.065  34.646
  28.123  69.167  34.236  26.251  70.978  33.417  25.817  71.552  34.059  26.062
  69.920  35.158  25.753  71.278  34.580  27.964  75.126  35.686  27.494  75.360
  34.029  28.830  75.993  33.451  29.554  75.593  34.337  29.088  77.380  33.845
  29.989  77.745  33.772  28.015  78.282  34.231  27.054  78.048  34.114  28.244
  79.291  32.204  27.908  78.347  31.972  27.727  77.299  31.931  26.749  79.329
  32.403  26.910  80.298  30.852  26.680  79.469  32.242  25.797  78.899  31.623
  29.215  78.843  30.552  29.206  79.046  32.161  29.433  79.765  31.788  29.943
  78.049  35.834  29.461  77.607  36.508  28.976  78.522  36.396  30.307  76.720
  35.801  30.659  75.985  37.913  30.360  76.457  38.078  29.408  75.953  38.245
  31.397  75.361  37.780  32.342  75.645  39.332  31.482  75.339  37.973  31.016
  73.901  37.043  31.544  73.033  36.234  32.094  73.287  37.370  31.153  71.813
  36.741  31.421  70.976  38.469  30.450  71.829  38.865  30.343  73.140  39.746
  29.780  73.411  38.780  30.420  77.729  39.787  29.729  77.869  38.311  31.213
  78.677  37.487  31.775  78.517  38.994  31.453  80.028  39.952  31.906  79.770
  38.166  32.465  80.822  37.874  33.319  80.211  37.219  31.993  81.082  38.654
  33.020  82.197  37.859  33.475  82.788  39.160  32.175  82.664  39.576  34.201
  81.916  39.266  35.365  82.277  40.660  34.053  81.310  39.256  30.199  80.868
  40.072  30.118  81.737  38.586  29.105  80.517  37.894  29.238  79.793  38.791
  27.742  81.103  39.252  27.802  82.089  37.427  27.019  81.128  36.821  27.053
  80.223  37.624  25.951  81.225  36.415  27.414  82.219  35.074  26.934  82.346
  34.651  26.156  81.861  34.462  27.555  83.381  33.454  27.346  83.712  35.315
  28.450  83.913  35.159  28.991  84.752  36.487  28.364  83.187  37.294  29.037
  83.435  39.932  27.012  80.345  40.208  25.847  80.580  40.680  27.735  79.499
  40.391  28.700  79.427  41.785  27.334  78.577  41.721  28.114  77.818  43.086
  27.653  79.236  43.849  27.693  78.459  43.081  28.654  79.666  43.569  26.841
  80.378  42.902  26.797  81.239  43.715  25.835  79.985  44.931  27.364  80.907
  45.620  27.277  80.066  44.815  28.411  81.185  45.606  26.562  82.070  44.812
  26.409  82.801  45.825  25.559  81.707  46.746  27.286  82.611  47.578  27.265
  82.038  46.537  28.267  82.736  47.107  26.808  83.424  41.687  25.951  77.892
  42.727  25.376  77.549  40.482  25.372  77.683  39.650  25.876  77.954  40.264
  24.025  77.129  40.748  23.874  76.165  40.769  23.377  77.846  38.824  23.588
  77.059  38.273  23.264  76.016  38.195  23.582  78.203  38.821  23.663  78.992
  36.838  23.065  78.421  36.856  22.028  78.084  36.572  23.070  79.958  36.576
  24.047  80.441  35.591  22.628  80.136  37.609  22.084  80.567  37.723  21.121
  80.069  38.530  22.647  80.716  37.049  21.757  81.956  36.704  22.715  82.343
  36.254  21.030  81.795  38.099  21.192  82.845  38.524  20.354  82.292  38.856
  21.954  83.031  37.539  20.684  84.122  36.930  21.326  84.610  37.044  19.832
  83.907  38.222  20.412  84.816  35.769  23.866  77.693  35.745  25.033  77.817
  34.790  23.203  76.977  34.698  22.197  76.981  33.583  23.819  76.377  33.645
  24.904  76.475  33.671  23.751  74.870  33.198  24.595  74.367  34.704  23.715
  74.521  32.995  22.449  74.379  33.348  21.594  74.955  31.924  22.539  74.557
  33.323  22.202  72.924  33.127  23.112  72.357  34.362  21.890  72.826  32.349
  21.126  72.295  32.334  20.332  73.042  31.328  21.452  72.100  32.919  20.477
  71.101  33.773  19.958  71.250  32.272  19.782  70.756  33.102  21.126  70.348
  32.184  23.372  76.914  31.976  22.253  77.446  31.139  24.114  76.581  31.239
  24.826  75.870  29.730  23.781  76.982  29.597  22.826  77.491  29.286  24.852
  77.995  29.421  25.858  77.596  28.219  24.681  78.133  29.789  24.701  78.950
  28.884  23.772  75.757  29.193  24.436  74.765  27.729  23.048  75.754  27.517
  22.636  76.651  26.670  23.205  74.838  27.067  23.347  73.833  25.688  22.006
  74.774  25.473  21.673  75.789  24.791  22.254  74.208  26.327  20.720  74.077
  26.689  20.980  73.082  27.234  20.325  74.536  25.329  19.585  74.029  25.850
  18.721  73.618  24.871  19.369  74.994  24.214  19.832  73.005  24.119  20.671
  72.451  23.485  18.847  72.437  23.605  17.584  72.696  24.206  17.197  73.409
  23.016  16.939  72.188  22.561  19.100  71.614  22.381  20.088  71.505  21.822
  18.456  71.371  25.883  24.503  75.165  25.846  24.949  76.306  25.103  24.841
  74.153  25.273  24.333  73.296  24.069  25.848  74.075  23.728  26.236  75.035
  24.639  26.961  73.201  25.186  26.574  72.342  23.865  27.528  72.683  25.673
  27.955  73.759  26.419  27.360  74.287  26.363  28.712  72.560  27.182  29.327
  72.934  26.701  28.034  71.777  25.676  29.374  72.032  24.948  28.922  74.708
  24.767  28.263  75.557  25.644  29.754  74.818  23.964  29.223  74.349  22.815
  25.191  73.476  22.871  24.045  73.095  21.684  25.922  73.536  21.903  26.846
  73.882  20.417  25.592  72.888  20.459  24.555  72.554  19.306  25.821  73.868
  19.529  25.226  74.754  19.208  26.876  74.125  17.917  25.406  73.434  17.144
  26.295  72.927  17.587  24.200  73.625  20.083  26.475  71.687  20.526  27.661
  71.631  19.323  26.024  70.738  19.040  25.055  70.747  19.000  26.852  69.555
  19.991  27.058  69.149  18.130  25.979  68.574  17.358  25.497  69.175  17.639
  26.629  67.851  18.990  24.975  67.907  18.709  23.652  67.855  17.885  23.154
  68.346  19.760  23.058  67.178  19.796  22.049  67.216  20.729  23.899  66.707
  21.955  23.708  66.092  22.261  22.719  65.782  22.606  24.772  65.578  23.564
  24.623  65.100  22.067  26.050  65.760  22.512  26.910  65.282  20.875  26.294
  66.537  20.572  27.313  66.727  20.183  25.191  67.099  18.271  28.230  69.891
  18.452  29.210  69.122  17.397  28.271  70.899  17.255  27.463  71.488  16.644
  29.473  71.193  16.360  29.880  70.222  15.355  28.891  71.889  15.037  28.083
  71.229  15.491  28.446  72.876  14.239  29.887  72.057  13.950  30.800  71.305
  13.511  29.679  73.126  12.733  30.307  73.269  13.711  28.919  73.762  17.483
  30.499  72.104  16.907  31.285  72.799  18.832  30.540  72.020  19.245  29.951
  71.310  19.658  31.373  72.821  19.150  31.462  73.782  21.184  30.963  72.893
  21.423  30.921  71.831  22.014  31.891  73.704  21.635  31.836  74.725  23.057
  31.574  73.698  21.847  32.906  73.343  21.186  29.618  73.406  20.705  28.955
  72.905  19.578  32.826  72.281  19.832  33.123  71.115  19.207  33.759  73.083
  19.014  33.469  74.030  18.946  35.197  72.722  18.140  35.212  71.987  18.442
  35.839  74.008  17.800  35.158  74.568  19.361  35.832  74.593  17.830  37.267
  73.884  17.218  37.666  74.930  17.743  37.985  72.871  20.188  35.928  72.156
  21.374  35.701  72.476  19.937  36.924  71.372  18.977  37.066  71.090  20.996
  37.871  70.928  21.931  37.354  70.712  20.418  38.709  69.798  19.961  37.986
  69.120  19.731  39.484  70.137  21.185  39.223  69.220  21.476  38.778  72.132
  22.657  39.117  72.123  20.606  39.021  73.168  19.654  38.837  72.887  21.060
  39.563  74.398  21.638  40.451  74.143  19.900  40.115  75.207  20.074  40.721
  76.095  19.288  40.712  74.531  19.384  39.232  75.584  21.872  38.532  75.295
  22.126  38.750  76.430  22.217  37.341  74.744  21.821  37.058  73.859  23.016
  36.323  75.446  23.397  36.682  76.402  22.157  35.040  75.720  21.624  34.794
  74.800  22.842  34.275  76.084  21.160  35.297  76.665  20.409  34.773  76.376
  24.281  36.020  74.605  25.134  35.282  75.020  24.536  36.698  73.490  23.735
  37.250  73.217  25.600  36.447  72.496  26.185  35.631  72.921  24.989  36.064
  71.130  24.106  36.702  71.086  25.672  36.170  70.287  24.412  34.657  70.994
  23.583  34.506  71.685  24.015  34.225  69.576  23.615  33.219  69.699  23.350
  35.007  69.211  24.787  34.182  68.808  25.384  33.508  71.362  24.798  32.593
  71.274  26.253  33.591  70.709  25.684  33.583  72.407  26.557  37.617  72.261
  27.378  37.667  71.337  26.472  38.605  73.158  25.841  38.470  73.934  27.115
  39.967  73.049  27.104  40.124  71.971  26.251  41.023  73.778  26.701  42.012
  73.697  24.831  41.132  73.176  24.955  41.286  72.104  24.319  40.171  73.234
  24.237  41.964  73.554  26.164  40.663  75.293  25.761  39.659  75.426  27.178
  40.727  75.688  25.293  41.640  76.112  25.590  42.666  75.894  24.220  41.521
  75.957  25.497  41.634  77.182  28.635  40.106  73.363  29.180  40.883  74.055
  29.377  39.286  72.589  28.868  38.834  71.843  30.828  39.215  72.659  31.206
  39.957  71.956  31.249  39.655  73.563  31.517  37.878  72.468  32.549  37.570
  72.978  30.899  36.957  71.655  30.203  37.345  71.034  31.137  35.507  71.663
  31.656  35.271  72.592  29.762  34.824  71.751  29.201  35.206  70.898  29.920
  33.754  71.620  29.043  35.023  73.101  28.826  36.089  73.139  28.097  34.486
  73.177  29.825  34.455  74.377  30.002  35.194  75.388  30.131  33.259  74.394
  32.038  35.038  70.505  32.367  35.683  69.474  32.461  33.789  70.628  32.170
  33.320  71.474  33.098  32.940  69.581  32.714  33.253  68.610  34.652  33.304
  69.511  34.706  34.338  69.169  35.016  33.311  70.539  35.449  32.299  68.701
  35.250  31.304  69.099  35.213  32.288  67.637  36.942  32.612  68.767  37.369
  33.714  69.138  37.730  31.641  68.621  32.778  31.459  69.864  32.746  31.043
  71.011  32.396  30.702  68.849  32.405  31.167  67.954  31.492  29.536  69.018
  31.454  29.126  70.027  30.076  29.983  68.787  29.972  30.459  67.812  29.477
  29.073  68.819  29.480  30.946  69.872  30.094  31.847  69.876  28.074  31.263
  69.424  27.468  30.372  69.263  27.605  31.970  70.109  28.033  31.828  68.492
  29.341  30.536  71.357  28.791  31.273  71.943  28.891  29.544  71.417  30.327
  30.368  71.788  31.871  28.455  68.010  32.729  28.578  67.130  31.185  27.290
  68.200  30.589  27.203  69.011  31.286  26.185  67.289  31.682  26.510  66.326
  32.266  25.194  67.881  33.216  25.713  68.001  31.885  25.006  68.885  32.550
  23.853  67.158  31.592  23.346  67.043  32.864  23.844  66.115  33.517  22.973
  68.028  33.178  22.603  69.134  34.711  22.785  67.640  35.340  22.271  68.239
  34.990  23.088  66.718  29.925  25.443  67.123  29.123  25.368  68.040  29.646
  24.856  65.972  30.323  25.004  65.238  28.631  23.796  65.779  28.117  23.664
  66.731  27.666  24.224  64.684  28.140  24.308  63.705  26.516  23.219  64.636
  25.819  23.315  63.804  26.870  22.197  64.508  25.821  23.352  65.466  27.013
  25.525  64.934  26.420  25.763  64.050  26.428  25.615  65.848  27.754  26.322
  64.849  29.350  22.502  65.287  30.424  22.549  64.681  28.858  21.290  65.662
  28.012  21.356  66.209  29.324  20.006  65.211  29.918  20.166  64.310  30.309
  19.448  66.314  30.951  20.235  66.712  29.681  19.104  67.136  31.162  18.345
  65.717  31.147  17.207  66.199  31.923  18.646  64.747  28.202  18.977  64.907
  27.050  19.230  65.261  28.501  17.873  64.228  29.425  17.685  63.866  27.495
  16.799  64.020  26.562  17.152  63.582  27.943  15.659  63.086  28.737  15.206
  63.680  27.211  14.853  63.036  28.618  16.131  61.745  29.900  15.503  61.475
  30.346  14.821  62.183  30.469  15.671  60.197  31.394  15.155  59.991  29.810
  16.449  59.247  30.414  16.649  58.374  28.591  17.063  59.480  28.094  17.570
  58.665  28.003  16.897  60.752  27.052  17.306  61.057  26.951  16.160  65.291
  27.590  16.127  66.352  25.803  15.499  65.190  25.300  15.528  64.315  25.125
  14.842  66.341  25.874  14.645  67.109  24.017  15.859  66.763  24.553  16.769
  67.032  23.363  16.056  65.913  23.110  15.393  67.950  22.854  14.345  67.798
  23.673  15.547  69.354  23.800  16.622  69.491  22.891  15.131  69.989  24.597
  15.018  69.583  21.815  16.186  67.883  21.956  17.255  67.723  21.233  15.829
  67.033  21.342  16.218  68.864  24.586  13.441  66.000  24.854  12.470  66.758
  24.020  13.246  64.913
